static, 1
    5.8062
    5.7986
    5.8054
    6.9226
    7.7314
    7.8447
    7.6965
    7.2423
    7.6519
    6.8090
    6.5743
    6.6570
static, 2
    5.5478
    5.9082
    5.9365
    5.9572
    5.6324
    4.8036
    4.5018
    4.5130
    4.1058
    4.6094
    4.0419
    3.8612
static, 4
    4.4725
    5.7341
    4.9242
    4.3018
    4.1788
    4.1428
    4.1231
    4.5860
    4.3282
    4.3834
    4.1405
    4.1426
static, 8
    8.1786
    8.7458
    5.9836
    6.0001
    6.2067
    5.1144
    5.4745
    4.8563
    5.0630
    4.8647
    5.2645
    5.5054
static, 16
    6.3049
    6.5899
    6.3978
    6.2202
